1854.102639
1854.102639
1854.102639
1816.188275
1887.152824
1891.775668
1936.214000
1924.536771
1872.616961
1885.115348
1908.625907
1944.737083
1873.690476
1882.969322
1913.882869
1941.607347
1881.430574
1877.945243
1901.011599
1850.109531
1871.116091
1876.067156
1957.777271
1922.827734
1878.190177
1906.740606
1911.452040
1880.807861
1867.262529
1948.834877
1941.744642
1886.913189
1917.183857
1901.394417
1885.161216
1871.750465
1863.816929
1914.378930


######

1864.902244
1864.902244
1864.902244
1872.603865
1906.918384
1862.236495
1903.070779
1879.665185
1877.514316
1898.581615
1895.998725
1892.867476
1901.166679
1894.265352
1858.500128
1979.964571
1879.433272
1869.480295
1872.192651
1898.243185
1898.250377
1877.442542
1900.555666
1834.351070
1943.724513
1943.724513
1943.724513
1921.998103
1901.601329
1967.331436
1940.714796
1919.689212
1880.270749


######

1900.746201
1973.248336
1936.843005
1936.843005
1922.287352
1885.708311
1962.524788
1908.684488
1962.019635
1838.974755
1832.744819
1832.744819
1832.744819
1925.311457
1854.336157
1798.920394
1798.920394
1770.865267
1770.412818
1923.484944
2023.697964
2023.697964
2023.697964
2015.385925
2026.743186
2042.533671
2060.093074
2092.651770
2059.692978
2075.821502
2045.797292
2065.738538
2027.227317
2097.620745
2097.620745
2097.620745
2120.864387
2193.990599
2193.990599
1849.932715
1849.932715
1849.932715
1813.884388
1837.444432
1923.950664
1862.434095
1825.081996
1863.933737
1858.035297
1945.751180
1845.796314
1830.987539
1903.077956
1845.087023
1851.014674
1851.250994
1893.163055
1891.007546
1827.843370
1888.686878
1898.112679
1869.102352
1853.558721
1849.240095
1873.893752
1859.775120
1859.818124
1847.836393
1855.588555
1853.683488
1816.337380
1816.338514
1833.173572
1860.704104
1871.203496
1825.361965
1895.224528
1835.767507
1822.956081
1867.412263
1867.336394
1853.855395
1837.315832
1852.090329
1835.504812
1857.090303
1836.328833
1874.709585
1840.145610
1880.511737
1922.004834
1845.313483
1848.022217
1849.517330
1865.868926
1929.478144
1801.204865
1887.224772
1906.586338
1836.036538
1845.796314
1823.118200
1886.079455
1923.502012
1831.083667
1873.910763
1904.870429
1848.121965
1940.816139
1849.720156
1886.619464
1813.517291
1878.612022
1843.312796
1826.085177
1838.052732
1857.465888
1869.204264
1851.027392
1895.384259
1833.452197
1849.863985
1882.107553
1849.855637
1871.112341
1821.671748
1857.372415
1850.256528
1835.384316
1900.653043
1911.085305
1937.452856
1862.783318
1887.943251
1952.314491
1850.244163
1925.854080
1868.999576
1948.756040
1873.342532
1896.089884
1876.442548
1939.174642
1898.066398
1914.731067
1970.007264
1857.835693
1882.369673
1948.628546
1959.055602
1916.967699
1889.889163
1863.759920
1880.133212
1879.838781
1933.285577
1870.312128
1918.938863
1924.958802
1863.023719
1880.317728
1862.441410
1868.216814
1854.467324
1871.591526
1886.696979
1861.655631
1863.859479
1903.581895
1834.139044
1924.297858
1940.617337
1916.187729
1877.993903
1834.520638
1883.146299
1858.576285
1877.309709
1878.368982
1920.718386
1851.388356
1887.428981
1918.427071
1849.901220
1895.785291
1917.576928
1905.866066
1859.459501
1871.755182
2096.095989
1880.364021
1774.599608
1774.599608
1774.599608
1934.763463
1901.908238
1901.908238
1871.430944
1871.430944
1871.430944
1924.241610
1879.980306
1905.068021
1892.255015
1874.608080
1938.990381
1889.063865
1884.489373
1875.569518
1875.130434
1890.153336
1868.917773
1917.325340
1994.036486
1862.326967
1883.600884
1880.344670
1882.461807
1886.774760
1917.434881
1903.561942
1949.659827
1902.134314
1870.026512
1921.478835
1937.776422
1911.858296
1959.696242
1893.889487
1906.934264
1912.776804
1912.104194
1870.294559
1885.188201
1894.694780
1909.153790
1916.504207
1863.982668
1898.442507
1893.372163
1895.527981
1826.770750


######

1896.468533
1896.468533
1896.468533
1864.460366
